https://twitter.com/RaRa2010/status/1362162082406232065
https://twitter.com/RaRa2010/status/1361892657518108672
https://twitter.com/RaRa2010/status/1361756999940141057
https://twitter.com/RaRa2010/status/1361528789033910274
https://twitter.com/RaRa2010/status/1359364104260001795
https://twitter.com/RaRa2010/status/1358928731100770305
https://twitter.com/RaRa2010/status/1358882961639149568
https://twitter.com/RaRa2010/status/1358825232505577472
https://twitter.com/RaRa2010/status/1358822041411936256
https://twitter.com/RaRa2010/status/1358821307802996736
https://twitter.com/RaRa2010/status/1358820729001680897
https://twitter.com/RaRa2010/status/1358608037150220288
https://twitter.com/RaRa2010/status/1357783850156347392
https://twitter.com/RaRa2010/status/1357762537094225921
https://twitter.com/RaRa2010/status/1357742544256258050
https://twitter.com/RaRa2010/status/1357088479386030080
https://twitter.com/RaRa2010/status/1357087039611568128
https://twitter.com/RaRa2010/status/1357079858707271680
https://twitter.com/RaRa2010/status/1357033627264061441
https://twitter.com/RaRa2010/status/1357032636313600000
https://twitter.com/RaRa2010/status/1357028241521827842
https://twitter.com/RaRa2010/status/1356742800914616322
https://twitter.com/RaRa2010/status/1356741882777227264
https://twitter.com/RaRa2010/status/1356738656438951936
https://twitter.com/RaRa2010/status/1356738540478980103
https://twitter.com/RaRa2010/status/1356737981256663042
https://twitter.com/RaRa2010/status/1356737747680071680
https://twitter.com/RaRa2010/status/1356736011980599297
https://twitter.com/RaRa2010/status/1356735557817094144
https://twitter.com/RaRa2010/status/1356735488330141697
https://twitter.com/RaRa2010/status/1356735341995020291
https://twitter.com/RaRa2010/status/1356734966424612865
https://twitter.com/RaRa2010/status/1356734740582174723
https://twitter.com/RaRa2010/status/1356444612269809664
https://twitter.com/RaRa2010/status/1356443987498856449
https://twitter.com/RaRa2010/status/1356443785345961985
https://twitter.com/RaRa2010/status/1356409620156190721
https://twitter.com/RaRa2010/status/1356398796763136000
https://twitter.com/RaRa2010/status/1356334382756233216
https://twitter.com/RaRa2010/status/1356333226738868224
https://twitter.com/RaRa2010/status/1355955472830918657
https://twitter.com/RaRa2010/status/1355953872536129539
https://twitter.com/RaRa2010/status/1355272760147156992
https://twitter.com/RaRa2010/status/1355021365401718785
https://twitter.com/RaRa2010/status/1355019007796015104
https://twitter.com/RaRa2010/status/1355015139578183685
https://twitter.com/RaRa2010/status/1355010856367443970
https://twitter.com/RaRa2010/status/1354953667883851788
https://twitter.com/RaRa2010/status/1354836157054423040
https://twitter.com/RaRa2010/status/1354652497067970562
https://twitter.com/RaRa2010/status/1354494877975732224
https://twitter.com/RaRa2010/status/1354494810132910082
https://twitter.com/RaRa2010/status/1354452245404733444
https://twitter.com/RaRa2010/status/1354276412727779336
https://twitter.com/RaRa2010/status/1354271966438408192
https://twitter.com/RaRa2010/status/1354271305479065602
https://twitter.com/RaRa2010/status/1354269828626825222
https://twitter.com/RaRa2010/status/1354216226109571073
https://twitter.com/RaRa2010/status/1353740525631803404
https://twitter.com/RaRa2010/status/1353738748417110016
https://twitter.com/RaRa2010/status/1353582118027182082
https://twitter.com/RaRa2010/status/1353580086495125504
https://twitter.com/RaRa2010/status/1353577768743620610
https://twitter.com/RaRa2010/status/1353528407204581376
https://twitter.com/RaRa2010/status/1353058201294393345
https://twitter.com/RaRa2010/status/1353023818093105152
https://twitter.com/RaRa2010/status/1352843918195388417
https://twitter.com/RaRa2010/status/1352843557485256704
https://twitter.com/RaRa2010/status/1352842948086403072
https://twitter.com/RaRa2010/status/1352832341433962496
https://twitter.com/RaRa2010/status/1352830848471470081
https://twitter.com/RaRa2010/status/1352830714308218880
https://twitter.com/RaRa2010/status/1352691589194215424
https://twitter.com/RaRa2010/status/1352690749641420800
https://twitter.com/RaRa2010/status/1352689659160137728
https://twitter.com/RaRa2010/status/1352689237213155328
https://twitter.com/RaRa2010/status/1352689125778886656
https://twitter.com/RaRa2010/status/1352666156033662976
https://twitter.com/RaRa2010/status/1352407224400760835
https://twitter.com/RaRa2010/status/1352342219622019072
https://twitter.com/RaRa2010/status/1352154983580372993
https://twitter.com/RaRa2010/status/1352034316612640769
https://twitter.com/RaRa2010/status/1351998731122425857
https://twitter.com/RaRa2010/status/1351956316655243264
https://twitter.com/RaRa2010/status/1351742890301558784
https://twitter.com/RaRa2010/status/1351665581804539904
https://twitter.com/RaRa2010/status/1351387791142207493
https://twitter.com/RaRa2010/status/1351387030807199744
https://twitter.com/RaRa2010/status/1351358443236458497
https://twitter.com/RaRa2010/status/1351242581909393411
https://twitter.com/RaRa2010/status/1351241517831221248
https://twitter.com/RaRa2010/status/1351003837230936068
https://twitter.com/RaRa2010/status/1350170805351575552
https://twitter.com/RaRa2010/status/1350169911843192832
https://twitter.com/RaRa2010/status/1350139535485669378
https://twitter.com/RaRa2010/status/1350135235762024449
https://twitter.com/RaRa2010/status/1350134881230094336
https://twitter.com/RaRa2010/status/1350134788884111364
https://twitter.com/RaRa2010/status/1350134485535244289
https://twitter.com/RaRa2010/status/1350134320158031874
https://twitter.com/RaRa2010/status/1350132892840595456
https://twitter.com/RaRa2010/status/1350132320812978176
https://twitter.com/RaRa2010/status/1350132133260455936
https://twitter.com/RaRa2010/status/1349929458438795265
https://twitter.com/RaRa2010/status/1349928141528068098
https://twitter.com/RaRa2010/status/1349896649976414210
https://twitter.com/RaRa2010/status/1349895805713281024
https://twitter.com/RaRa2010/status/1349895653858570241
https://twitter.com/RaRa2010/status/1349834668384743425
https://twitter.com/RaRa2010/status/1349832399358554113
https://twitter.com/RaRa2010/status/1349831984227336193
https://twitter.com/RaRa2010/status/1349831007009009664
https://twitter.com/RaRa2010/status/1349830574077218817
https://twitter.com/RaRa2010/status/1349802232280014849
https://twitter.com/RaRa2010/status/1349801429477650432
https://twitter.com/RaRa2010/status/1349768995960877057
https://twitter.com/RaRa2010/status/1349768806973886466
https://twitter.com/RaRa2010/status/1349767343040172032
https://twitter.com/RaRa2010/status/1349583256996331522
https://twitter.com/RaRa2010/status/1349582744473387011
https://twitter.com/RaRa2010/status/1349580132198080518
https://twitter.com/RaRa2010/status/1349579744195428353
https://twitter.com/RaRa2010/status/1349579043872493569
https://twitter.com/RaRa2010/status/1349578484222312448
https://twitter.com/RaRa2010/status/1349577312241532929
https://twitter.com/RaRa2010/status/1349459444019564544
https://twitter.com/RaRa2010/status/1349444593926905856
https://twitter.com/RaRa2010/status/1349444446744584193
https://twitter.com/RaRa2010/status/1349444372471836672
https://twitter.com/RaRa2010/status/1349419501930967041
https://twitter.com/RaRa2010/status/1349220877750083584
https://twitter.com/RaRa2010/status/1349181018796740608
https://twitter.com/RaRa2010/status/1349136898929790977
https://twitter.com/RaRa2010/status/1349134842852610049
https://twitter.com/RaRa2010/status/1349133617813811200
https://twitter.com/RaRa2010/status/1349132898075516928
https://twitter.com/RaRa2010/status/1349132674108018688
https://twitter.com/RaRa2010/status/1349073299276328961
https://twitter.com/RaRa2010/status/1349071910072578048
https://twitter.com/RaRa2010/status/1348707857672282113
https://twitter.com/RaRa2010/status/1348672214048989184
https://twitter.com/RaRa2010/status/1348668187890442240
https://twitter.com/RaRa2010/status/1348486208301633544
https://twitter.com/RaRa2010/status/1348484790228422664
https://twitter.com/RaRa2010/status/1348127514338619394
https://twitter.com/RaRa2010/status/1347765082667638789
https://twitter.com/RaRa2010/status/1347762471340175361
https://twitter.com/RaRa2010/status/1347634520506343425
https://twitter.com/RaRa2010/status/1347277606782001153
https://twitter.com/RaRa2010/status/1347277274391871488
https://twitter.com/RaRa2010/status/1347239635211046912
https://twitter.com/RaRa2010/status/1346887628377915392
https://twitter.com/RaRa2010/status/1346862077487448064
https://twitter.com/RaRa2010/status/1346852254586847232
https://twitter.com/RaRa2010/status/1346565781429993473
https://twitter.com/RaRa2010/status/1346547293999091713
https://twitter.com/RaRa2010/status/1346351783178694656
https://twitter.com/RaRa2010/status/1346265343686107138
https://twitter.com/RaRa2010/status/1346252627412062208
https://twitter.com/RaRa2010/status/1345947989584482304
https://twitter.com/RaRa2010/status/1345946575000932354
https://twitter.com/RaRa2010/status/1345942493305573378
https://twitter.com/RaRa2010/status/1345939640092565506
https://twitter.com/RaRa2010/status/1345926603524591616
https://twitter.com/RaRa2010/status/1345419958629515265
https://twitter.com/RaRa2010/status/1345419408030584832
https://twitter.com/RaRa2010/status/1344869395475046402
https://twitter.com/RaRa2010/status/1344138174797266944
https://twitter.com/RaRa2010/status/1344136985431052291
https://twitter.com/RaRa2010/status/1344063130427486210
https://twitter.com/RaRa2010/status/1343792974887440385
https://twitter.com/RaRa2010/status/1343792885854978049
https://twitter.com/RaRa2010/status/1343791777833074689
https://twitter.com/RaRa2010/status/1342914739370782720
https://twitter.com/RaRa2010/status/1342914338848342017
https://twitter.com/RaRa2010/status/1342913669277970432
https://twitter.com/RaRa2010/status/1342881333052203008
https://twitter.com/RaRa2010/status/1342512683413716992
https://twitter.com/RaRa2010/status/1342146244903235584
https://twitter.com/RaRa2010/status/1342146034982522881
https://twitter.com/RaRa2010/status/1341827692446937094
https://twitter.com/RaRa2010/status/1341431110870335490
https://twitter.com/RaRa2010/status/1341424953426513921
https://twitter.com/RaRa2010/status/1341204057050894336
https://twitter.com/RaRa2010/status/1341041525761798144
https://twitter.com/RaRa2010/status/1340177612816089088
https://twitter.com/RaRa2010/status/1340089188616523776
https://twitter.com/RaRa2010/status/1339794622348857344
https://twitter.com/RaRa2010/status/1339748389269823488
https://twitter.com/RaRa2010/status/1339686584401100800
https://twitter.com/RaRa2010/status/1339685917997498368
https://twitter.com/RaRa2010/status/1339685099177037825
https://twitter.com/RaRa2010/status/1339666005375680512
https://twitter.com/RaRa2010/status/1339665150408736768
https://twitter.com/RaRa2010/status/1339664276030513153
https://twitter.com/RaRa2010/status/1339660181358014465
https://twitter.com/RaRa2010/status/1339658287831105542
https://twitter.com/RaRa2010/status/1339443294812553216
https://twitter.com/RaRa2010/status/1339441232796258304
https://twitter.com/RaRa2010/status/1339441035231911937
https://twitter.com/RaRa2010/status/1339440646025740289
https://twitter.com/RaRa2010/status/1339440453381287937
https://twitter.com/RaRa2010/status/1339439831152136193
https://twitter.com/RaRa2010/status/1339439327432953856
https://twitter.com/RaRa2010/status/1339436321647984641
https://twitter.com/RaRa2010/status/1339435883770990597
https://twitter.com/RaRa2010/status/1339434589282975744
https://twitter.com/RaRa2010/status/1339433324108910592
https://twitter.com/RaRa2010/status/1339433245125955584
https://twitter.com/RaRa2010/status/1339433082877702145
https://twitter.com/RaRa2010/status/1339415433728802816
https://twitter.com/RaRa2010/status/1339377486430277632
https://twitter.com/RaRa2010/status/1339349965148094467
https://twitter.com/RaRa2010/status/1339075668621971456
https://twitter.com/RaRa2010/status/1339074960560586752
https://twitter.com/RaRa2010/status/1339072542774980609
https://twitter.com/RaRa2010/status/1339070881285328896
https://twitter.com/RaRa2010/status/1339070380363812864
https://twitter.com/RaRa2010/status/1339070002704478208
https://twitter.com/RaRa2010/status/1339069118700351498
https://twitter.com/RaRa2010/status/1339068960621297664
https://twitter.com/RaRa2010/status/1339068706442244096
https://twitter.com/RaRa2010/status/1339068378355384320
https://twitter.com/RaRa2010/status/1339067958987902976
https://twitter.com/RaRa2010/status/1339066584657084416
https://twitter.com/RaRa2010/status/1339055136304287744
https://twitter.com/RaRa2010/status/1338979528010448896
https://twitter.com/RaRa2010/status/1338978646778769408
https://twitter.com/RaRa2010/status/1338978081516576771
https://twitter.com/RaRa2010/status/1338950428654850048
https://twitter.com/RaRa2010/status/1338943527544180736
https://twitter.com/RaRa2010/status/1338938228338933761
https://twitter.com/RaRa2010/status/1338576988236251136
https://twitter.com/RaRa2010/status/1338553196013228034
https://twitter.com/RaRa2010/status/1338552619229278208
https://twitter.com/RaRa2010/status/1338550277331320834
https://twitter.com/RaRa2010/status/1338160097889898496
https://twitter.com/RaRa2010/status/1337990714613846016
https://twitter.com/RaRa2010/status/1337785490393583616
https://twitter.com/RaRa2010/status/1337785156782809088
https://twitter.com/RaRa2010/status/1337784712216018945
https://twitter.com/RaRa2010/status/1337634588705755136
https://twitter.com/RaRa2010/status/1337634220932386816
https://twitter.com/RaRa2010/status/1337633909857603584
https://twitter.com/RaRa2010/status/1337471304807563264
https://twitter.com/RaRa2010/status/1337190488542081024
https://twitter.com/RaRa2010/status/1337190035896995841
https://twitter.com/RaRa2010/status/1337188798552186880
https://twitter.com/RaRa2010/status/1337161907724120064
https://twitter.com/RaRa2010/status/1337161658381160448
https://twitter.com/RaRa2010/status/1337159444031934466
https://twitter.com/RaRa2010/status/1336903260867678209
https://twitter.com/RaRa2010/status/1336903110657097728
https://twitter.com/RaRa2010/status/1336835072649936896
https://twitter.com/RaRa2010/status/1336834538064887810
https://twitter.com/RaRa2010/status/1336824786379390976
https://twitter.com/RaRa2010/status/1336763792856793088
https://twitter.com/RaRa2010/status/1336763360616931328
https://twitter.com/RaRa2010/status/1336762934198865920
https://twitter.com/RaRa2010/status/1336761836549459968
https://twitter.com/RaRa2010/status/1336760907125276672
https://twitter.com/RaRa2010/status/1336751078486884352
https://twitter.com/RaRa2010/status/1336734835121901569
https://twitter.com/RaRa2010/status/1336734395957317633
https://twitter.com/RaRa2010/status/1336535951393210369
https://twitter.com/RaRa2010/status/1336534777738891264
https://twitter.com/RaRa2010/status/1336533186373767168
https://twitter.com/RaRa2010/status/1336532537577885697
https://twitter.com/RaRa2010/status/1336531849338703874
https://twitter.com/RaRa2010/status/1336470765567275008
https://twitter.com/RaRa2010/status/1336468081195929600
https://twitter.com/RaRa2010/status/1336467253156405248
https://twitter.com/RaRa2010/status/1336426392301400064
https://twitter.com/RaRa2010/status/1336425615889580032
https://twitter.com/RaRa2010/status/1336425236867108864
https://twitter.com/RaRa2010/status/1336383380322041856
https://twitter.com/RaRa2010/status/1336380788569296896
https://twitter.com/RaRa2010/status/1336380550278365184
https://twitter.com/RaRa2010/status/1336380034819317762
https://twitter.com/RaRa2010/status/1336379521478488064
https://twitter.com/RaRa2010/status/1336378819964411906
https://twitter.com/RaRa2010/status/1336377437228167169
https://twitter.com/RaRa2010/status/1336376988865421313
https://twitter.com/RaRa2010/status/1336376339989872640
https://twitter.com/RaRa2010/status/1336375911990452226
https://twitter.com/RaRa2010/status/1336173954495496193
https://twitter.com/RaRa2010/status/1336142741080735745
https://twitter.com/RaRa2010/status/1336113307850141699
https://twitter.com/RaRa2010/status/1336110911623372801
https://twitter.com/RaRa2010/status/1336110286026067968
https://twitter.com/RaRa2010/status/1336082012029898752
https://twitter.com/RaRa2010/status/1336081094819528704
https://twitter.com/RaRa2010/status/1336040802775048192
https://twitter.com/RaRa2010/status/1336039003817013248
https://twitter.com/RaRa2010/status/1336034946167623680
https://twitter.com/RaRa2010/status/1335801509590618112
https://twitter.com/RaRa2010/status/1335799166354657280
https://twitter.com/RaRa2010/status/1335798164570349569
https://twitter.com/RaRa2010/status/1335797084474146816
https://twitter.com/RaRa2010/status/1335796517362233344
https://twitter.com/RaRa2010/status/1335713747327840257
https://twitter.com/RaRa2010/status/1335713363670659073
https://twitter.com/RaRa2010/status/1335712468383907841
https://twitter.com/RaRa2010/status/1335712042607464448
https://twitter.com/RaRa2010/status/1335711557540401158
https://twitter.com/RaRa2010/status/1335710650245386240
https://twitter.com/RaRa2010/status/1335710001004830721
https://twitter.com/RaRa2010/status/1335709378712768512
https://twitter.com/RaRa2010/status/1335709176647938049
https://twitter.com/RaRa2010/status/1335709031571226624
https://twitter.com/RaRa2010/status/1335655474323046401
https://twitter.com/RaRa2010/status/1335654969878355969
https://twitter.com/RaRa2010/status/1335650477304762369
https://twitter.com/RaRa2010/status/1335647718664892416
https://twitter.com/RaRa2010/status/1335645994130632705
https://twitter.com/RaRa2010/status/1335462936274341891
https://twitter.com/RaRa2010/status/1335462282336169984
https://twitter.com/RaRa2010/status/1335458703122653186
https://twitter.com/RaRa2010/status/1335450380679880708
https://twitter.com/RaRa2010/status/1335449204383084544
https://twitter.com/RaRa2010/status/1335447862507839488
https://twitter.com/RaRa2010/status/1335447458298515458
https://twitter.com/RaRa2010/status/1335447066961608704
https://twitter.com/RaRa2010/status/1335280446171574275
https://twitter.com/RaRa2010/status/1335280246480752641
https://twitter.com/RaRa2010/status/1335279476553314304
https://twitter.com/RaRa2010/status/1335277937398976512
https://twitter.com/RaRa2010/status/1335277522917847042
https://twitter.com/RaRa2010/status/1335277190666043397
https://twitter.com/RaRa2010/status/1335271892748443655
https://twitter.com/RaRa2010/status/1335271532159897601
https://twitter.com/RaRa2010/status/1335026676837752833
https://twitter.com/RaRa2010/status/1335026523540054017
https://twitter.com/RaRa2010/status/1335026414169419776
https://twitter.com/RaRa2010/status/1335025716925136896
https://twitter.com/RaRa2010/status/1335000545174540289
https://twitter.com/RaRa2010/status/1334996341102034944
https://twitter.com/RaRa2010/status/1334986004181073920
https://twitter.com/RaRa2010/status/1334985548809695234
https://twitter.com/RaRa2010/status/1334980120096849921
https://twitter.com/RaRa2010/status/1334979813413548033
https://twitter.com/RaRa2010/status/1334977515425677312
https://twitter.com/RaRa2010/status/1334976479273218049
https://twitter.com/RaRa2010/status/1334973716124454914
https://twitter.com/RaRa2010/status/1334972548631592961
https://twitter.com/RaRa2010/status/1334972372504387585
https://twitter.com/RaRa2010/status/1334970378075062272
https://twitter.com/RaRa2010/status/1334970031210283009
https://twitter.com/RaRa2010/status/1334969423380148224
https://twitter.com/RaRa2010/status/1334969143246909440
https://twitter.com/RaRa2010/status/1334948828596736001
https://twitter.com/RaRa2010/status/1334948751618654208
https://twitter.com/RaRa2010/status/1334948387175612417
https://twitter.com/RaRa2010/status/1334947902263717889
https://twitter.com/RaRa2010/status/1334886078147252226
https://twitter.com/RaRa2010/status/1334885738698080258
https://twitter.com/RaRa2010/status/1334729230614056961
https://twitter.com/RaRa2010/status/1334728917182083073
https://twitter.com/RaRa2010/status/1334728040404807680
https://twitter.com/RaRa2010/status/1334719593852542976
https://twitter.com/RaRa2010/status/1334364117864337410
https://twitter.com/RaRa2010/status/1334341130930987010
https://twitter.com/RaRa2010/status/1334177712315932673
https://twitter.com/RaRa2010/status/1334177391195811840
https://twitter.com/RaRa2010/status/1333943069918433284
https://twitter.com/RaRa2010/status/1333891720862306305
https://twitter.com/RaRa2010/status/1333891558966403072
https://twitter.com/RaRa2010/status/1333890963899523074
https://twitter.com/RaRa2010/status/1333890721594494976
https://twitter.com/RaRa2010/status/1333652203899240453
https://twitter.com/RaRa2010/status/1333517942978347008
https://twitter.com/RaRa2010/status/1332544544731140096
https://twitter.com/RaRa2010/status/1332540549199323136
https://twitter.com/RaRa2010/status/1332510369781170178
https://twitter.com/RaRa2010/status/1331822698691850242
https://twitter.com/RaRa2010/status/1331822408030855168
https://twitter.com/RaRa2010/status/1331821989229600768
https://twitter.com/RaRa2010/status/1331777468319944705
https://twitter.com/RaRa2010/status/1331708928300781568
https://twitter.com/RaRa2010/status/1331708314191679488
https://twitter.com/RaRa2010/status/1331708053020786689
https://twitter.com/RaRa2010/status/1331706802262528001
https://twitter.com/RaRa2010/status/1331641533888569344
https://twitter.com/RaRa2010/status/1331641354657570816
https://twitter.com/RaRa2010/status/1331438421571637249
https://twitter.com/RaRa2010/status/1331334264361684992
https://twitter.com/RaRa2010/status/1331333447382560769
https://twitter.com/RaRa2010/status/1331291872518500352
https://twitter.com/RaRa2010/status/1330398051077328899
https://twitter.com/RaRa2010/status/1330368073728135168
https://twitter.com/RaRa2010/status/1330367785793318913
https://twitter.com/RaRa2010/status/1330323429111730176
https://twitter.com/RaRa2010/status/1330323186420858880
https://twitter.com/RaRa2010/status/1330323083673088000
https://twitter.com/RaRa2010/status/1330322956401082368
https://twitter.com/RaRa2010/status/1330322787630649346
https://twitter.com/RaRa2010/status/1330322258053705729
https://twitter.com/RaRa2010/status/1330271427187052558
https://twitter.com/RaRa2010/status/1330264206223007752
https://twitter.com/RaRa2010/status/1330196995458392064
https://twitter.com/RaRa2010/status/1330196347794886660
https://twitter.com/RaRa2010/status/1330194963913732096
https://twitter.com/RaRa2010/status/1330005655512498178
https://twitter.com/RaRa2010/status/1330005204570308613
https://twitter.com/RaRa2010/status/1329995083664347136
https://twitter.com/RaRa2010/status/1329909976605761537
https://twitter.com/RaRa2010/status/1329671203062091777
https://twitter.com/RaRa2010/status/1329670240708411392
https://twitter.com/RaRa2010/status/1329669883798245376
https://twitter.com/RaRa2010/status/1329668444204089344
https://twitter.com/RaRa2010/status/1329570564596502531
https://twitter.com/RaRa2010/status/1329569995316072450
https://twitter.com/RaRa2010/status/1329569349305131008
https://twitter.com/RaRa2010/status/1329569117758648321
https://twitter.com/RaRa2010/status/1329563736240058369
https://twitter.com/RaRa2010/status/1329562177695465472
https://twitter.com/RaRa2010/status/1329561742393843712
https://twitter.com/RaRa2010/status/1329561022818963458
https://twitter.com/RaRa2010/status/1329487274883440642
https://twitter.com/RaRa2010/status/1329486806232952832
https://twitter.com/RaRa2010/status/1329485959830769666
https://twitter.com/RaRa2010/status/1329477620937887745
https://twitter.com/RaRa2010/status/1329477484723597312
https://twitter.com/RaRa2010/status/1329477323217801216
https://twitter.com/RaRa2010/status/1329283939110817793
https://twitter.com/RaRa2010/status/1329183118427713536
https://twitter.com/RaRa2010/status/1329161405405163520
https://twitter.com/RaRa2010/status/1329160898414460928
https://twitter.com/RaRa2010/status/1329120613311467520
https://twitter.com/RaRa2010/status/1329119794000367617
https://twitter.com/RaRa2010/status/1329111457779249153
https://twitter.com/RaRa2010/status/1329110613654597632
https://twitter.com/RaRa2010/status/1329110139375288321
https://twitter.com/RaRa2010/status/1327276137647489025
https://twitter.com/RaRa2010/status/1327275307561230343
https://twitter.com/RaRa2010/status/1327165046716125184
https://twitter.com/RaRa2010/status/1327163666031013888
https://twitter.com/RaRa2010/status/1327163360178171904
https://twitter.com/RaRa2010/status/1327162746912161792
https://twitter.com/RaRa2010/status/1327162218073374720
https://twitter.com/RaRa2010/status/1327162100855107586
https://twitter.com/RaRa2010/status/1327111222571851776
https://twitter.com/RaRa2010/status/1327106615711989760
https://twitter.com/RaRa2010/status/1327105745284808704
https://twitter.com/RaRa2010/status/1327084728726351872
https://twitter.com/RaRa2010/status/1327081293507559424
https://twitter.com/RaRa2010/status/1327080907006640128
https://twitter.com/RaRa2010/status/1327080277647126528
https://twitter.com/RaRa2010/status/1327079985060823040
https://twitter.com/RaRa2010/status/1327079239435206656
https://twitter.com/RaRa2010/status/1327078919724535808
https://twitter.com/RaRa2010/status/1326748224158269440
https://twitter.com/RaRa2010/status/1326747279089283073
https://twitter.com/RaRa2010/status/1326381016949395464
https://twitter.com/RaRa2010/status/1326376253885214722
https://twitter.com/RaRa2010/status/1326375938511286272
https://twitter.com/RaRa2010/status/1326338818308337665
https://twitter.com/RaRa2010/status/1326331711911686144
https://twitter.com/RaRa2010/status/1326290358410510337
https://twitter.com/RaRa2010/status/1326018759371366400
https://twitter.com/RaRa2010/status/1326018156435922944
https://twitter.com/RaRa2010/status/1324446309642723328
https://twitter.com/RaRa2010/status/1324445712315133952
https://twitter.com/RaRa2010/status/1324080861935931392
https://twitter.com/RaRa2010/status/1323109002436227072
https://twitter.com/RaRa2010/status/1322755228370837504
https://twitter.com/RaRa2010/status/1321690730000048128
https://twitter.com/RaRa2010/status/1321690482766876672
https://twitter.com/RaRa2010/status/1321689685740060673
https://twitter.com/RaRa2010/status/1321190216082677760
https://twitter.com/RaRa2010/status/1321161494092902400
https://twitter.com/RaRa2010/status/1320964974810836992
https://twitter.com/RaRa2010/status/1320842103090368512
https://twitter.com/RaRa2010/status/1320841122134978560
https://twitter.com/RaRa2010/status/1320829297389563904
https://twitter.com/RaRa2010/status/1320797535879872513
https://twitter.com/RaRa2010/status/1320789010336280577
https://twitter.com/RaRa2010/status/1320788291159953408
https://twitter.com/RaRa2010/status/1320507313413734401
https://twitter.com/RaRa2010/status/1320419668151029760
https://twitter.com/RaRa2010/status/1319749774166274048
https://twitter.com/RaRa2010/status/1319745749299593217
https://twitter.com/RaRa2010/status/1319717862643167233
https://twitter.com/RaRa2010/status/1319697828386533379
https://twitter.com/RaRa2010/status/1319671684886974465
https://twitter.com/RaRa2010/status/1319671584932597760
https://twitter.com/RaRa2010/status/1319514322377175040
https://twitter.com/RaRa2010/status/1319513184458346496
https://twitter.com/RaRa2010/status/1319461206415921153
https://twitter.com/RaRa2010/status/1319410491375009792
https://twitter.com/RaRa2010/status/1319408988425891840
https://twitter.com/RaRa2010/status/1319405925451530240
https://twitter.com/RaRa2010/status/1319405574954520576
https://twitter.com/RaRa2010/status/1319405252773253121
https://twitter.com/RaRa2010/status/1319404745094615041
https://twitter.com/RaRa2010/status/1319043041106120704
https://twitter.com/RaRa2010/status/1319042673014009857
https://twitter.com/RaRa2010/status/1319042479912411137
https://twitter.com/RaRa2010/status/1318642415054381056
https://twitter.com/RaRa2010/status/1318597300587933696
https://twitter.com/RaRa2010/status/1318595980476915717
https://twitter.com/RaRa2010/status/1318267122754088966
https://twitter.com/RaRa2010/status/1318266784294658049
https://twitter.com/RaRa2010/status/1316517953001594880
https://twitter.com/RaRa2010/status/1315772530125279233
https://twitter.com/RaRa2010/status/1315740892553125888
https://twitter.com/RaRa2010/status/1315740813121314816
https://twitter.com/RaRa2010/status/1315739805599195136
https://twitter.com/RaRa2010/status/1315736927442591745
https://twitter.com/RaRa2010/status/1315735117919256576
https://twitter.com/RaRa2010/status/1312091943229243392
https://twitter.com/RaRa2010/status/1311454725020106752
https://twitter.com/RaRa2010/status/1305323694433034240
https://twitter.com/RaRa2010/status/1305314896578445313
https://twitter.com/RaRa2010/status/1305308044964683778
https://twitter.com/RaRa2010/status/1305159401100029953
https://twitter.com/RaRa2010/status/1305030983968727041
https://twitter.com/RaRa2010/status/1305030514005307394
https://twitter.com/RaRa2010/status/1305030362314153984
https://twitter.com/RaRa2010/status/1305029806946353152
https://twitter.com/RaRa2010/status/1304923370333417472
https://twitter.com/RaRa2010/status/1304653942471581696
https://twitter.com/RaRa2010/status/1304649286211104771
https://twitter.com/RaRa2010/status/1304649163385176064
https://twitter.com/RaRa2010/status/1304646997421350912
https://twitter.com/RaRa2010/status/1304644066655653888
https://twitter.com/RaRa2010/status/1304642454897922049
https://twitter.com/RaRa2010/status/1304642262429700096
https://twitter.com/RaRa2010/status/1304641580104515585
https://twitter.com/RaRa2010/status/1304555208563777536
https://twitter.com/RaRa2010/status/1304552932986286080
https://twitter.com/RaRa2010/status/1304548244245053441
https://twitter.com/RaRa2010/status/1304547859539177472
https://twitter.com/RaRa2010/status/1304547096368881664
https://twitter.com/RaRa2010/status/1304542642886250496
https://twitter.com/RaRa2010/status/1304542054261780480
https://twitter.com/RaRa2010/status/1304541412147503104
https://twitter.com/RaRa2010/status/1304540947707953152
https://twitter.com/RaRa2010/status/1304535316095668224
https://twitter.com/RaRa2010/status/1304534931033542658
https://twitter.com/RaRa2010/status/1304533703444451328
https://twitter.com/RaRa2010/status/1304533664295006208
https://twitter.com/RaRa2010/status/1304531440470814723
https://twitter.com/RaRa2010/status/1304530774419406849
https://twitter.com/RaRa2010/status/1304171068098146305
https://twitter.com/RaRa2010/status/1304120321478291456
https://twitter.com/RaRa2010/status/1303729475733975041
https://twitter.com/RaRa2010/status/1303563223266816001
https://twitter.com/RaRa2010/status/1303563072032784384
https://twitter.com/RaRa2010/status/1303554870746607616
https://twitter.com/RaRa2010/status/1303553148926140417
https://twitter.com/RaRa2010/status/1303551130979323905
https://twitter.com/RaRa2010/status/1303092839392268289
https://twitter.com/RaRa2010/status/1302305651775819778
https://twitter.com/RaRa2010/status/1302305379938832384
https://twitter.com/RaRa2010/status/1301767079364706310
https://twitter.com/RaRa2010/status/1301659690200264705
https://twitter.com/RaRa2010/status/1301657968224600066
https://twitter.com/RaRa2010/status/1301545838871605249
https://twitter.com/RaRa2010/status/1300445497149108224
https://twitter.com/RaRa2010/status/1300444162697773062
https://twitter.com/RaRa2010/status/1300265649604755456
https://twitter.com/RaRa2010/status/1300265303146782720
https://twitter.com/RaRa2010/status/1300262467365302272
https://twitter.com/RaRa2010/status/1299772789952405506
https://twitter.com/RaRa2010/status/1299772691931516929
https://twitter.com/RaRa2010/status/1299772492609847296
https://twitter.com/RaRa2010/status/1299759104295018496
https://twitter.com/RaRa2010/status/1299731987888963585
https://twitter.com/RaRa2010/status/1299731423855689729
https://twitter.com/RaRa2010/status/1299554110744657920
https://twitter.com/RaRa2010/status/1299552115489005569
https://twitter.com/RaRa2010/status/1299550122997497857
https://twitter.com/RaRa2010/status/1299549341812584448
https://twitter.com/RaRa2010/status/1299468669056032768
https://twitter.com/RaRa2010/status/1299444387471007744
https://twitter.com/RaRa2010/status/1299442920915783680
https://twitter.com/RaRa2010/status/1299442692254957568
https://twitter.com/RaRa2010/status/1299187472505556993
https://twitter.com/RaRa2010/status/1298679391170359296
https://twitter.com/RaRa2010/status/1298678812956176387
https://twitter.com/RaRa2010/status/1298670997306929152
https://twitter.com/RaRa2010/status/1298463870386749446
https://twitter.com/RaRa2010/status/1298460971329974275
https://twitter.com/RaRa2010/status/1298358671160651777
https://twitter.com/RaRa2010/status/1297994431287631873
https://twitter.com/RaRa2010/status/1297992505347018752
https://twitter.com/RaRa2010/status/1297992206754566145
https://twitter.com/RaRa2010/status/1297989161752752128
https://twitter.com/RaRa2010/status/1297613753295331329
https://twitter.com/RaRa2010/status/1297023155110924290
https://twitter.com/RaRa2010/status/1296287678678175744
https://twitter.com/RaRa2010/status/1296286677707526145
https://twitter.com/RaRa2010/status/1296184488666386432
https://twitter.com/RaRa2010/status/1296105137077776384
https://twitter.com/RaRa2010/status/1295957718851710976
https://twitter.com/RaRa2010/status/1295957364483399680
https://twitter.com/RaRa2010/status/1295444808601747457
https://twitter.com/RaRa2010/status/1294383509830660096
https://twitter.com/RaRa2010/status/1294382361627435008
https://twitter.com/RaRa2010/status/1294382291062587394
https://twitter.com/RaRa2010/status/1294381017768136704
https://twitter.com/RaRa2010/status/1294306782005755907
https://twitter.com/RaRa2010/status/1294104845356429312
https://twitter.com/RaRa2010/status/1293785613045399553
https://twitter.com/RaRa2010/status/1293784485679386630
https://twitter.com/RaRa2010/status/1291945793004302336
https://twitter.com/RaRa2010/status/1291857480079687681
https://twitter.com/RaRa2010/status/1291857195399696385
https://twitter.com/RaRa2010/status/1291781719297679366
https://twitter.com/RaRa2010/status/1291492966532435968
https://twitter.com/RaRa2010/status/1291488419248398336
https://twitter.com/RaRa2010/status/1291487570740654080
https://twitter.com/RaRa2010/status/1291487156762898433
https://twitter.com/RaRa2010/status/1291472984318685186
https://twitter.com/RaRa2010/status/1291472694962081792
https://twitter.com/RaRa2010/status/1291472454464880640
https://twitter.com/RaRa2010/status/1291472318519115776
https://twitter.com/RaRa2010/status/1291472040210214913
https://twitter.com/RaRa2010/status/1291471756486512640
https://twitter.com/RaRa2010/status/1291471643840139264
https://twitter.com/RaRa2010/status/1291471490894897153
https://twitter.com/RaRa2010/status/1291471322082496512
https://twitter.com/RaRa2010/status/1291404722943873024
https://twitter.com/RaRa2010/status/1291403436487929857
https://twitter.com/RaRa2010/status/1291064594811609089
https://twitter.com/RaRa2010/status/1290495646038777858
https://twitter.com/RaRa2010/status/1290493630910627841
https://twitter.com/RaRa2010/status/1290076631902457857
https://twitter.com/RaRa2010/status/1290058137534259200
https://twitter.com/RaRa2010/status/1290043430937141250
https://twitter.com/RaRa2010/status/1290037354011357184
https://twitter.com/RaRa2010/status/1289653335012737024
https://twitter.com/RaRa2010/status/1289649412684185600
https://twitter.com/RaRa2010/status/1289648946860589056
https://twitter.com/RaRa2010/status/1289648642177896449
https://twitter.com/RaRa2010/status/1289268755931860992
https://twitter.com/RaRa2010/status/1289245711209381888
https://twitter.com/RaRa2010/status/1289244808251207681
https://twitter.com/RaRa2010/status/1289063446336507904
https://twitter.com/RaRa2010/status/1289055116184576000
https://twitter.com/RaRa2010/status/1288893357985370113
https://twitter.com/RaRa2010/status/1288892744321007616
https://twitter.com/RaRa2010/status/1288680587205591040
https://twitter.com/RaRa2010/status/1288583829628653568
https://twitter.com/RaRa2010/status/1288580665097588736
https://twitter.com/RaRa2010/status/1288564355219382272
https://twitter.com/RaRa2010/status/1288206360450985985
https://twitter.com/RaRa2010/status/1288170671806140421
https://twitter.com/RaRa2010/status/1287885018589618178
https://twitter.com/RaRa2010/status/1287838797409837056
https://twitter.com/RaRa2010/status/1287573464216264705
https://twitter.com/RaRa2010/status/1287493976967110656
https://twitter.com/RaRa2010/status/1287246983636250624
https://twitter.com/RaRa2010/status/1287237290247372800
https://twitter.com/RaRa2010/status/1287120453853577216
https://twitter.com/RaRa2010/status/1287119981440712704
https://twitter.com/RaRa2010/status/1286773082275721218
https://twitter.com/RaRa2010/status/1286748804754976768
https://twitter.com/RaRa2010/status/1286740461764280321
https://twitter.com/RaRa2010/status/1286739823642910720
https://twitter.com/RaRa2010/status/1286717959646273536
https://twitter.com/RaRa2010/status/1286717671707275264
https://twitter.com/RaRa2010/status/1286713782031364097
https://twitter.com/RaRa2010/status/1286712724878065665
https://twitter.com/RaRa2010/status/1286706519866712064
https://twitter.com/RaRa2010/status/1286705940352208897
https://twitter.com/RaRa2010/status/1286537629647769601
https://twitter.com/RaRa2010/status/1286536244961243137
https://twitter.com/RaRa2010/status/1286536126660882433
https://twitter.com/RaRa2010/status/1286531660670894081
https://twitter.com/RaRa2010/status/1286530750305538049
https://twitter.com/RaRa2010/status/1286529255992487936
https://twitter.com/RaRa2010/status/1286528718446313472
https://twitter.com/RaRa2010/status/1286520334879830018
https://twitter.com/RaRa2010/status/1286519823749398529
https://twitter.com/RaRa2010/status/1286519202963046400
https://twitter.com/RaRa2010/status/1286515182630445056
https://twitter.com/RaRa2010/status/1286514395900596226
https://twitter.com/RaRa2010/status/1286447089283555328
https://twitter.com/RaRa2010/status/1286422331418537984
https://twitter.com/RaRa2010/status/1286422287030185984
https://twitter.com/RaRa2010/status/1286385635956150272
https://twitter.com/RaRa2010/status/1286350243198652421
https://twitter.com/RaRa2010/status/1286350049404792833
https://twitter.com/RaRa2010/status/1286021003420684288
https://twitter.com/RaRa2010/status/1285790351580520448
https://twitter.com/RaRa2010/status/1285783424473501697
https://twitter.com/RaRa2010/status/1285782206946832385
https://twitter.com/RaRa2010/status/1285777054512775168
https://twitter.com/RaRa2010/status/1285776143648387073
https://twitter.com/RaRa2010/status/1285662827001384960
https://twitter.com/RaRa2010/status/1285628360111030276
https://twitter.com/RaRa2010/status/1285403725952020480
https://twitter.com/RaRa2010/status/1285402612582412288
https://twitter.com/RaRa2010/status/1285402197438562306
https://twitter.com/RaRa2010/status/1285401444238016512
https://twitter.com/RaRa2010/status/1285401204365770753
https://twitter.com/RaRa2010/status/1285400734859579393
https://twitter.com/RaRa2010/status/1285325055249932289
https://twitter.com/RaRa2010/status/1285324541770625024
https://twitter.com/RaRa2010/status/1285092832450015233
https://twitter.com/RaRa2010/status/1285092063608889344
https://twitter.com/RaRa2010/status/1285090790163783680
https://twitter.com/RaRa2010/status/1285090506590961664
https://twitter.com/RaRa2010/status/1285090117028200449
https://twitter.com/RaRa2010/status/1285066511447539712
https://twitter.com/RaRa2010/status/1285065497340338177
https://twitter.com/RaRa2010/status/1284337085361479681
https://twitter.com/RaRa2010/status/1284336154003640322
https://twitter.com/RaRa2010/status/1284336028010987520
https://twitter.com/RaRa2010/status/1284223103212507136
https://twitter.com/RaRa2010/status/1284220906764529664
https://twitter.com/RaRa2010/status/1284219465836539904
https://twitter.com/RaRa2010/status/1284199940776882176
https://twitter.com/RaRa2010/status/1284199681791127554
https://twitter.com/RaRa2010/status/1284196265798955008
https://twitter.com/RaRa2010/status/1284193632942125056
https://twitter.com/RaRa2010/status/1284193174752120833
https://twitter.com/RaRa2010/status/1284192934707920896
https://twitter.com/RaRa2010/status/1284192591131455488
https://twitter.com/RaRa2010/status/1284181589165916160
https://twitter.com/RaRa2010/status/1284180968840916992
https://twitter.com/RaRa2010/status/1284179759505616896
https://twitter.com/RaRa2010/status/1284178343848370176
https://twitter.com/RaRa2010/status/1284178007674941442
https://twitter.com/RaRa2010/status/1284177814472675328
https://twitter.com/RaRa2010/status/1284177461123543040
https://twitter.com/RaRa2010/status/1284177204939599872
https://twitter.com/RaRa2010/status/1284177066628272128
https://twitter.com/RaRa2010/status/1284176993739657216
https://twitter.com/RaRa2010/status/1284176799786622976
https://twitter.com/RaRa2010/status/1284176152240635904
https://twitter.com/RaRa2010/status/1283964519606153216
https://twitter.com/RaRa2010/status/1283889861921918978
https://twitter.com/RaRa2010/status/1283812586668998657
https://twitter.com/RaRa2010/status/1283582837837332480
https://twitter.com/RaRa2010/status/1283463079548739584
https://twitter.com/RaRa2010/status/1283462636206608385
https://twitter.com/RaRa2010/status/1283459108494995456
https://twitter.com/RaRa2010/status/1283453071909982208
https://twitter.com/RaRa2010/status/1283224345628643328
https://twitter.com/RaRa2010/status/1283223165791924224
https://twitter.com/RaRa2010/status/1283143095962365955
https://twitter.com/RaRa2010/status/1283141813864239104
https://twitter.com/RaRa2010/status/1283141704451649536
https://twitter.com/RaRa2010/status/1283138338707234816
https://twitter.com/RaRa2010/status/1283137775005392896
https://twitter.com/RaRa2010/status/1283137330467889152
https://twitter.com/RaRa2010/status/1283134891215818752
https://twitter.com/RaRa2010/status/1283133400287596544
https://twitter.com/RaRa2010/status/1283100880573566976
https://twitter.com/RaRa2010/status/1283061347240955904
https://twitter.com/RaRa2010/status/1282918468912705536
https://twitter.com/RaRa2010/status/1282917005767524352
https://twitter.com/RaRa2010/status/1282915320265506816
https://twitter.com/RaRa2010/status/1282911975123501056
https://twitter.com/RaRa2010/status/1282911320694611968
https://twitter.com/RaRa2010/status/1282910856326467584
https://twitter.com/RaRa2010/status/1282902681833463815
https://twitter.com/RaRa2010/status/1282902275552206849
https://twitter.com/RaRa2010/status/1282901871225565184
https://twitter.com/RaRa2010/status/1282901634784194561
https://twitter.com/RaRa2010/status/1282901388385611776
https://twitter.com/RaRa2010/status/1282901315870322691
https://twitter.com/RaRa2010/status/1282901008855662592
https://twitter.com/RaRa2010/status/1282900368867778560
https://twitter.com/RaRa2010/status/1282900257865519105
https://twitter.com/RaRa2010/status/1282900109936586752
https://twitter.com/RaRa2010/status/1282899259788943360
https://twitter.com/RaRa2010/status/1282898747890872320
https://twitter.com/RaRa2010/status/1282894544132911104
https://twitter.com/RaRa2010/status/1282894028833296384
https://twitter.com/RaRa2010/status/1282890387648987139
https://twitter.com/RaRa2010/status/1282889864564752384
https://twitter.com/RaRa2010/status/1282889252468973571
https://twitter.com/RaRa2010/status/1282887359869022209
https://twitter.com/RaRa2010/status/1282884561655853056
https://twitter.com/RaRa2010/status/1282884194528460800
https://twitter.com/RaRa2010/status/1282878438521499648
https://twitter.com/RaRa2010/status/1282718537346248704
https://twitter.com/RaRa2010/status/1282717093440307200
https://twitter.com/RaRa2010/status/1282710874885513218
https://twitter.com/RaRa2010/status/1282709234019262468
https://twitter.com/RaRa2010/status/1282708888387641345
https://twitter.com/RaRa2010/status/1282707327896875009
https://twitter.com/RaRa2010/status/1282507249949130752
https://twitter.com/RaRa2010/status/1282504210043465728
https://twitter.com/RaRa2010/status/1282459532845707264
https://twitter.com/RaRa2010/status/1282459405460533249
https://twitter.com/RaRa2010/status/1282382097034797057
https://twitter.com/RaRa2010/status/1282380365424807936
https://twitter.com/RaRa2010/status/1282379151396102144
https://twitter.com/RaRa2010/status/1282378498921820160
https://twitter.com/RaRa2010/status/1282377340928970752
https://twitter.com/RaRa2010/status/1282374357533114368
https://twitter.com/RaRa2010/status/1282373516797435905
https://twitter.com/RaRa2010/status/1282372626720022529
https://twitter.com/RaRa2010/status/1282163323094458368
https://twitter.com/RaRa2010/status/1282137867016237056
https://twitter.com/RaRa2010/status/1282128237867356162
https://twitter.com/RaRa2010/status/1282008809322344449
https://twitter.com/RaRa2010/status/1282008214268043265
https://twitter.com/RaRa2010/status/1282005201885396992
https://twitter.com/RaRa2010/status/1281980706009186312
https://twitter.com/RaRa2010/status/1281977093325156353
https://twitter.com/RaRa2010/status/1281974701833613312
https://twitter.com/RaRa2010/status/1281791859262582784
https://twitter.com/RaRa2010/status/1281755398987341824
https://twitter.com/RaRa2010/status/1281753468433084416
https://twitter.com/RaRa2010/status/1281743787178356737
https://twitter.com/RaRa2010/status/1281705540947599361
https://twitter.com/RaRa2010/status/1281647822136205312
https://twitter.com/RaRa2010/status/1281319228943904768
https://twitter.com/RaRa2010/status/1281318527387877378
https://twitter.com/RaRa2010/status/1281265100444151808
https://twitter.com/RaRa2010/status/1281063465289871360
https://twitter.com/RaRa2010/status/1280958726682275840
https://twitter.com/RaRa2010/status/1280911136452304896
https://twitter.com/RaRa2010/status/1280908323672350720
https://twitter.com/RaRa2010/status/1280751782038130688
https://twitter.com/RaRa2010/status/1280710053071224833
https://twitter.com/RaRa2010/status/1280583123244167169
https://twitter.com/RaRa2010/status/1280328595529805829
https://twitter.com/RaRa2010/status/1280256536745398272
https://twitter.com/RaRa2010/status/1280216570778669056
https://twitter.com/RaRa2010/status/1279988708112920577
https://twitter.com/RaRa2010/status/1279826538859380736
https://twitter.com/RaRa2010/status/1279567659189678081
https://twitter.com/RaRa2010/status/1279567490721280001
https://twitter.com/RaRa2010/status/1279563708973199361
https://twitter.com/RaRa2010/status/1279428539805102081
https://twitter.com/RaRa2010/status/1279103513583251456
https://twitter.com/RaRa2010/status/1278820086329913346
https://twitter.com/RaRa2010/status/1278791643873734656
https://twitter.com/RaRa2010/status/1278769875616325633
https://twitter.com/RaRa2010/status/1278769478663147522
https://twitter.com/RaRa2010/status/1278767721220472834
https://twitter.com/RaRa2010/status/1278752550406123520
https://twitter.com/RaRa2010/status/1278718016138534914
https://twitter.com/RaRa2010/status/1278559764385918976
https://twitter.com/RaRa2010/status/1278559146564968449
https://twitter.com/RaRa2010/status/1278444959268581381
https://twitter.com/RaRa2010/status/1278419146921799680
https://twitter.com/RaRa2010/status/1278418960413671432
https://twitter.com/RaRa2010/status/1278359681467969536
https://twitter.com/RaRa2010/status/1278344612440969216
https://twitter.com/RaRa2010/status/1278185792662192128
https://twitter.com/RaRa2010/status/1278169612975144961
https://twitter.com/RaRa2010/status/1278168880779653120
https://twitter.com/RaRa2010/status/1278167642851823616
https://twitter.com/RaRa2010/status/1278167399057899520
https://twitter.com/RaRa2010/status/1278132187380895745
https://twitter.com/RaRa2010/status/1278063737790816256
https://twitter.com/RaRa2010/status/1278063333992628224
https://twitter.com/RaRa2010/status/1278057490412761088
https://twitter.com/RaRa2010/status/1278057390634463232
https://twitter.com/RaRa2010/status/1278056921853911045
https://twitter.com/RaRa2010/status/1278039472433553408
https://twitter.com/RaRa2010/status/1278005324704698370
https://twitter.com/RaRa2010/status/1277857778292289536
https://twitter.com/RaRa2010/status/1277804447939399683
https://twitter.com/RaRa2010/status/1277803035020820481
https://twitter.com/RaRa2010/status/1277802288715755520
https://twitter.com/RaRa2010/status/1277797322752004096
https://twitter.com/RaRa2010/status/1277718705128927232
https://twitter.com/RaRa2010/status/1277718270041153536
https://twitter.com/RaRa2010/status/1277703751579529216
https://twitter.com/RaRa2010/status/1277703056973377537
https://twitter.com/RaRa2010/status/1277688596841914368
https://twitter.com/RaRa2010/status/1277670042298011649
https://twitter.com/RaRa2010/status/1277656940428967936
https://twitter.com/RaRa2010/status/1277646532439752704
https://twitter.com/RaRa2010/status/1277354167019859969
https://twitter.com/RaRa2010/status/1277336608916647936
https://twitter.com/RaRa2010/status/1277325900770455552
https://twitter.com/RaRa2010/status/1277288529630879744
https://twitter.com/RaRa2010/status/1276918752068567041
https://twitter.com/RaRa2010/status/1276721579573968896
https://twitter.com/RaRa2010/status/1276721298148712457
https://twitter.com/RaRa2010/status/1276716509646082049
https://twitter.com/RaRa2010/status/1276714404042518528
https://twitter.com/RaRa2010/status/1276713829712318464
https://twitter.com/RaRa2010/status/1276652836663603200
https://twitter.com/RaRa2010/status/1276623294003679232
https://twitter.com/RaRa2010/status/1276622935176830978
https://twitter.com/RaRa2010/status/1276621208910352385
https://twitter.com/RaRa2010/status/1276619774252834816
https://twitter.com/RaRa2010/status/1276619420572413954
https://twitter.com/RaRa2010/status/1276618257391214595
https://twitter.com/RaRa2010/status/1276359199539163136
https://twitter.com/RaRa2010/status/1276316969398984704
https://twitter.com/RaRa2010/status/1276205970880786432
https://twitter.com/RaRa2010/status/1276205857106100224
https://twitter.com/RaRa2010/status/1276205563584471040
https://twitter.com/RaRa2010/status/1276003420810272768
https://twitter.com/RaRa2010/status/1275965251628851200
https://twitter.com/RaRa2010/status/1275965131445293057
https://twitter.com/RaRa2010/status/1275868971665723393
https://twitter.com/RaRa2010/status/1275868849565401089
https://twitter.com/RaRa2010/status/1275868320495882242
https://twitter.com/RaRa2010/status/1275837355568459776
https://twitter.com/RaRa2010/status/1275837207484329984
https://twitter.com/RaRa2010/status/1275821355452137473
https://twitter.com/RaRa2010/status/1275819905367945216
https://twitter.com/RaRa2010/status/1275819811826618368
https://twitter.com/RaRa2010/status/1275819740015939584
https://twitter.com/RaRa2010/status/1275819145334886400
https://twitter.com/RaRa2010/status/1275818631989878784
https://twitter.com/RaRa2010/status/1274922053749968896
https://twitter.com/RaRa2010/status/1274921705270468609
https://twitter.com/RaRa2010/status/1274920564855943168
https://twitter.com/RaRa2010/status/1269736196361478145
https://twitter.com/RaRa2010/status/1269731923770802176
https://twitter.com/RaRa2010/status/1269678589919686662
https://twitter.com/RaRa2010/status/1269656898418044929
https://twitter.com/RaRa2010/status/1269649682784849920
https://twitter.com/RaRa2010/status/1269472729381498880
https://twitter.com/RaRa2010/status/1269471384079527937
https://twitter.com/RaRa2010/status/1269395434696404992
https://twitter.com/RaRa2010/status/1269395217708269569
https://twitter.com/RaRa2010/status/1269341531439116288
https://twitter.com/RaRa2010/status/1269296026705211393
https://twitter.com/RaRa2010/status/1269042735647879168
https://twitter.com/RaRa2010/status/1269034814104993792
https://twitter.com/RaRa2010/status/1269026723598761984
https://twitter.com/RaRa2010/status/1269026438176333829
https://twitter.com/RaRa2010/status/1269001450396332033
https://twitter.com/RaRa2010/status/1268999677682147329
https://twitter.com/RaRa2010/status/1268998840234827776
https://twitter.com/RaRa2010/status/1268998424059232262
https://twitter.com/RaRa2010/status/1268986166973325312
https://twitter.com/RaRa2010/status/1268984748715601921
https://twitter.com/RaRa2010/status/1268984277988806656
https://twitter.com/RaRa2010/status/1268983736495824896
https://twitter.com/RaRa2010/status/1268983318277570561
https://twitter.com/RaRa2010/status/1268983064522158081
https://twitter.com/RaRa2010/status/1268982416133124096
https://twitter.com/RaRa2010/status/1268962586172616705
https://twitter.com/RaRa2010/status/1268962159821639680
https://twitter.com/RaRa2010/status/1268961487894151168
https://twitter.com/RaRa2010/status/1268958458121818112
https://twitter.com/RaRa2010/status/1268949927943528448
https://twitter.com/RaRa2010/status/1268948938930843648
https://twitter.com/RaRa2010/status/1268948550689275904
https://twitter.com/RaRa2010/status/1268931191912099840
https://twitter.com/RaRa2010/status/1268925439059214336
https://twitter.com/RaRa2010/status/1268775499951558656
https://twitter.com/RaRa2010/status/1268774571374608385
https://twitter.com/RaRa2010/status/1268736040644182020
https://twitter.com/RaRa2010/status/1268735448207069192
https://twitter.com/RaRa2010/status/1268735175489286145
https://twitter.com/RaRa2010/status/1268734817463529475
https://twitter.com/RaRa2010/status/1268734477208961024
https://twitter.com/RaRa2010/status/1268734053475217408
https://twitter.com/RaRa2010/status/1268729676073021440
https://twitter.com/RaRa2010/status/1268682204348964866
https://twitter.com/RaRa2010/status/1268650327768616960
https://twitter.com/RaRa2010/status/1268595818522525697
https://twitter.com/RaRa2010/status/1268587859553861633
https://twitter.com/RaRa2010/status/1268579461328277504
https://twitter.com/RaRa2010/status/1268361878553542656
https://twitter.com/RaRa2010/status/1268316739214823424
https://twitter.com/RaRa2010/status/1268316267091341314
https://twitter.com/RaRa2010/status/1268307560643178496
https://twitter.com/RaRa2010/status/1268307011751428096
https://twitter.com/RaRa2010/status/1268297648437526528
https://twitter.com/RaRa2010/status/1268296665376493568
https://twitter.com/RaRa2010/status/1268205859298930688
https://twitter.com/RaRa2010/status/1268025224022253570
https://twitter.com/RaRa2010/status/1268002380588527616
https://twitter.com/RaRa2010/status/1267992397847224320
https://twitter.com/RaRa2010/status/1267957346631741440
https://twitter.com/RaRa2010/status/1267934759306461184
https://twitter.com/RaRa2010/status/1267926079634673664
https://twitter.com/RaRa2010/status/1267924901496684545
https://twitter.com/RaRa2010/status/1267922795171770369
https://twitter.com/RaRa2010/status/1267913340740726784
https://twitter.com/RaRa2010/status/1267912384900771841
https://twitter.com/RaRa2010/status/1267874585589854208
https://twitter.com/RaRa2010/status/1267659905143410689
https://twitter.com/RaRa2010/status/1267659627790909446
https://twitter.com/RaRa2010/status/1267657543586738176
https://twitter.com/RaRa2010/status/1267574346836369409
https://twitter.com/RaRa2010/status/1267573469845131265
https://twitter.com/RaRa2010/status/1267520703567261696
https://twitter.com/RaRa2010/status/1267504802998566919
https://twitter.com/RaRa2010/status/1267499167011618821
https://twitter.com/RaRa2010/status/1267494330027008000
https://twitter.com/RaRa2010/status/1267492654775853056
https://twitter.com/RaRa2010/status/1267489402109882369
https://twitter.com/RaRa2010/status/1267488314182873089
https://twitter.com/RaRa2010/status/1267340316392079360
https://twitter.com/RaRa2010/status/1267143570261045249
https://twitter.com/RaRa2010/status/1266607966456705026
https://twitter.com/RaRa2010/status/1266606344070500354
https://twitter.com/RaRa2010/status/1266604954615115776
https://twitter.com/RaRa2010/status/1266482575859564544
https://twitter.com/RaRa2010/status/1266482260963778560
https://twitter.com/RaRa2010/status/1266464050134708225
https://twitter.com/RaRa2010/status/1266462264262975489
https://twitter.com/RaRa2010/status/1266446551695552512
https://twitter.com/RaRa2010/status/1266443869006127104
https://twitter.com/RaRa2010/status/1266439617680564225
https://twitter.com/RaRa2010/status/1266430718156013569
https://twitter.com/RaRa2010/status/1266428849803288576
https://twitter.com/RaRa2010/status/1266425318480338945
https://twitter.com/RaRa2010/status/1266424839612649472
https://twitter.com/RaRa2010/status/1266417736168562690
https://twitter.com/RaRa2010/status/1266417418965901312
https://twitter.com/RaRa2010/status/1266406669740765184
https://twitter.com/RaRa2010/status/1266213805945532418
https://twitter.com/RaRa2010/status/1266213511715188742
https://twitter.com/RaRa2010/status/1266213012144185344
https://twitter.com/RaRa2010/status/1266210492004986880
https://twitter.com/RaRa2010/status/1266208500956270594
https://twitter.com/RaRa2010/status/1266152648907972611
https://twitter.com/RaRa2010/status/1266145470109212673
https://twitter.com/RaRa2010/status/1266140443512762369
https://twitter.com/RaRa2010/status/1266123607563857920
https://twitter.com/RaRa2010/status/1266120923133820928
https://twitter.com/RaRa2010/status/1266118725003968512
https://twitter.com/RaRa2010/status/1266118481038073857
https://twitter.com/RaRa2010/status/1266118205795258368
https://twitter.com/RaRa2010/status/1266089529380712448
https://twitter.com/RaRa2010/status/1266086249044914176
https://twitter.com/RaRa2010/status/1266086111757008896
https://twitter.com/RaRa2010/status/1266082678832422912
https://twitter.com/RaRa2010/status/1266082211406573568
https://twitter.com/RaRa2010/status/1266075275793580032
https://twitter.com/RaRa2010/status/1266070636255866881
https://twitter.com/RaRa2010/status/1266068881145126912
https://twitter.com/RaRa2010/status/1266056199352446976
https://twitter.com/RaRa2010/status/1266055260771979264
https://twitter.com/RaRa2010/status/1266050404174815238
https://twitter.com/RaRa2010/status/1266050098653310976
https://twitter.com/RaRa2010/status/1266049578547081216
https://twitter.com/RaRa2010/status/1266049137725890561
https://twitter.com/RaRa2010/status/1265843741077549056
https://twitter.com/RaRa2010/status/1265843260947263488
https://twitter.com/RaRa2010/status/1265842439845117952
https://twitter.com/RaRa2010/status/1265841338307809286
https://twitter.com/RaRa2010/status/1265748688414011398
https://twitter.com/RaRa2010/status/1265738895490076672
https://twitter.com/RaRa2010/status/1265738867094614018
https://twitter.com/RaRa2010/status/1265738839848452096
https://twitter.com/RaRa2010/status/1265698186410160129
https://twitter.com/RaRa2010/status/1265484300050296835
https://twitter.com/RaRa2010/status/1265388173493858304
https://twitter.com/RaRa2010/status/1265387151727845376
https://twitter.com/RaRa2010/status/1265383951247409152
https://twitter.com/RaRa2010/status/1265370486910795782
https://twitter.com/RaRa2010/status/1265363681946132480
https://twitter.com/RaRa2010/status/1265057235563982848
https://twitter.com/RaRa2010/status/1264978704934924288
https://twitter.com/RaRa2010/status/1264943618906710021
https://twitter.com/RaRa2010/status/1264943191238668289
https://twitter.com/RaRa2010/status/1264714119506059266
https://twitter.com/RaRa2010/status/1264712300612562944
https://twitter.com/RaRa2010/status/1264679911605694464
https://twitter.com/RaRa2010/status/1264207192216858625
https://twitter.com/RaRa2010/status/1264205976145498112
https://twitter.com/RaRa2010/status/1264049325883056128
https://twitter.com/RaRa2010/status/1263895887052369920
https://twitter.com/RaRa2010/status/1263625558048399360
https://twitter.com/RaRa2010/status/1263575119378538496
https://twitter.com/RaRa2010/status/1263524476924264448
https://twitter.com/RaRa2010/status/1263311114386857985
https://twitter.com/RaRa2010/status/1263308266479644672
https://twitter.com/RaRa2010/status/1263302539346231296
https://twitter.com/RaRa2010/status/1263301552233607173
https://twitter.com/RaRa2010/status/1263300916762963970
https://twitter.com/RaRa2010/status/1263298437719584768
https://twitter.com/RaRa2010/status/1263297255563382784
https://twitter.com/RaRa2010/status/1263264116006809600
https://twitter.com/RaRa2010/status/1263224234702041088
https://twitter.com/RaRa2010/status/1263223932837982209
https://twitter.com/RaRa2010/status/1263200376251023360
https://twitter.com/RaRa2010/status/1263196981150662656
https://twitter.com/RaRa2010/status/1263164028953583616
https://twitter.com/RaRa2010/status/1263163613121875968
https://twitter.com/RaRa2010/status/1262874190815719426
https://twitter.com/RaRa2010/status/1262825294395662337
https://twitter.com/RaRa2010/status/1262824738008600578
https://twitter.com/RaRa2010/status/1262797098296066048
https://twitter.com/RaRa2010/status/1262780081941778433
https://twitter.com/RaRa2010/status/1262569970338152449
https://twitter.com/RaRa2010/status/1262568494500999169
https://twitter.com/RaRa2010/status/1262568042032058369
https://twitter.com/RaRa2010/status/1262567358272466944
https://twitter.com/RaRa2010/status/1262509443968675840
https://twitter.com/RaRa2010/status/1262508105314627584
https://twitter.com/RaRa2010/status/1262467070244958208
https://twitter.com/RaRa2010/status/1262462758332727296
https://twitter.com/RaRa2010/status/1262461592253300737
https://twitter.com/RaRa2010/status/1262448804537589763
https://twitter.com/RaRa2010/status/1262394660330274817
https://twitter.com/RaRa2010/status/1262393584575225859
https://twitter.com/RaRa2010/status/1262226280797204480
https://twitter.com/RaRa2010/status/1262198940423712768
https://twitter.com/RaRa2010/status/1262198439107944448
https://twitter.com/RaRa2010/status/1262195899242954752
https://twitter.com/RaRa2010/status/1262167952134074369
https://twitter.com/RaRa2010/status/1262167065122582529
https://twitter.com/RaRa2010/status/1262146763047219206
https://twitter.com/RaRa2010/status/1262142290597797888
https://twitter.com/RaRa2010/status/1262127938566189056
https://twitter.com/RaRa2010/status/1262125743552606210
https://twitter.com/RaRa2010/status/1262094833943842816
https://twitter.com/RaRa2010/status/1262094066927366146
https://twitter.com/RaRa2010/status/1262093069207273473
https://twitter.com/RaRa2010/status/1262067605533151233
https://twitter.com/RaRa2010/status/1262067507684192257
https://twitter.com/RaRa2010/status/1262066429584478210
https://twitter.com/RaRa2010/status/1262066220141916161
https://twitter.com/RaRa2010/status/1262064415983013888
https://twitter.com/RaRa2010/status/1262063895667019777
https://twitter.com/RaRa2010/status/1261839795749130240
https://twitter.com/RaRa2010/status/1261839031035256832
https://twitter.com/RaRa2010/status/1261789995666305027
https://twitter.com/RaRa2010/status/1261741290397462534
https://twitter.com/RaRa2010/status/1261726189493686274
https://twitter.com/RaRa2010/status/1261698275331026944
https://twitter.com/RaRa2010/status/1261500271273754624
https://twitter.com/RaRa2010/status/1261440288318341121
https://twitter.com/RaRa2010/status/1261437890845790208
https://twitter.com/RaRa2010/status/1261410173517611009
https://twitter.com/RaRa2010/status/1261408654672060417
https://twitter.com/RaRa2010/status/1261361926174470144
https://twitter.com/RaRa2010/status/1261039964579495936
https://twitter.com/RaRa2010/status/1261036789231304705
https://twitter.com/RaRa2010/status/1261035240564244482
https://twitter.com/RaRa2010/status/1261034455457599488
https://twitter.com/RaRa2010/status/1260959360919846912
https://twitter.com/RaRa2010/status/1260956335266344961
https://twitter.com/RaRa2010/status/1260760983124897792
https://twitter.com/RaRa2010/status/1260757709831299072
https://twitter.com/RaRa2010/status/1260757262810746880
https://twitter.com/RaRa2010/status/1259624833660235776
https://twitter.com/RaRa2010/status/1259621664368635904
https://twitter.com/RaRa2010/status/1259618936015872000
https://twitter.com/RaRa2010/status/1259617811309015040
https://twitter.com/RaRa2010/status/1259612717012279296
https://twitter.com/RaRa2010/status/1259611760786436096
https://twitter.com/RaRa2010/status/1259610838387716102
https://twitter.com/RaRa2010/status/1259609891963994112
https://twitter.com/RaRa2010/status/1259542529621385217
https://twitter.com/RaRa2010/status/1259542384477483009
https://twitter.com/RaRa2010/status/1259532968785088512
https://twitter.com/RaRa2010/status/1259517095672344583
https://twitter.com/RaRa2010/status/1259515102547464193
https://twitter.com/RaRa2010/status/1259513910522044417
https://twitter.com/RaRa2010/status/1259513286728417280
https://twitter.com/RaRa2010/status/1259341848650190848
https://twitter.com/RaRa2010/status/1259335839139553280
https://twitter.com/RaRa2010/status/1259334556269731841
https://twitter.com/RaRa2010/status/1259333229816905734
https://twitter.com/RaRa2010/status/1259332001619820546
https://twitter.com/RaRa2010/status/1259328960925593600
https://twitter.com/RaRa2010/status/1259284284013047808
https://twitter.com/RaRa2010/status/1259282109543268354
https://twitter.com/RaRa2010/status/1259281653626593281
https://twitter.com/RaRa2010/status/1259281172388917250
https://twitter.com/RaRa2010/status/1259277910533238784
https://twitter.com/RaRa2010/status/1259276989728342016
https://twitter.com/RaRa2010/status/1259202738946109442
https://twitter.com/RaRa2010/status/1259165150491185152
https://twitter.com/RaRa2010/status/1259003093418565633
https://twitter.com/RaRa2010/status/1258964614835888128
https://twitter.com/RaRa2010/status/1258964222404259840
https://twitter.com/RaRa2010/status/1258959639674146816
https://twitter.com/RaRa2010/status/1258958669753925632
https://twitter.com/RaRa2010/status/1258958497015709696
https://twitter.com/RaRa2010/status/1258954075627876353
https://twitter.com/RaRa2010/status/1258953537301573632
https://twitter.com/RaRa2010/status/1258880435993468928
https://twitter.com/RaRa2010/status/1258877572965781505
https://twitter.com/RaRa2010/status/1258866351591972864
https://twitter.com/RaRa2010/status/1258827806781259776
https://twitter.com/RaRa2010/status/1258815393574993921
https://twitter.com/RaRa2010/status/1258812657781489666
https://twitter.com/RaRa2010/status/1258810886866665473
https://twitter.com/RaRa2010/status/1258784973688979456
https://twitter.com/RaRa2010/status/1258781470312640513
https://twitter.com/RaRa2010/status/1258780797307195393
https://twitter.com/RaRa2010/status/1258645289524555777
https://twitter.com/RaRa2010/status/1258644392107073538
https://twitter.com/RaRa2010/status/1258644098010890248
https://twitter.com/RaRa2010/status/1258643020632616960
https://twitter.com/RaRa2010/status/1258558612974129154
https://twitter.com/RaRa2010/status/1258529220650622976
https://twitter.com/RaRa2010/status/1258528855213568001
https://twitter.com/RaRa2010/status/1258528322343985154
https://twitter.com/RaRa2010/status/1258528055535919104
https://twitter.com/RaRa2010/status/1258510446614601729
https://twitter.com/RaRa2010/status/1258510213444849665
https://twitter.com/RaRa2010/status/1258493602004520960
https://twitter.com/RaRa2010/status/1258493162923806720
https://twitter.com/RaRa2010/status/1258460999591424000
https://twitter.com/RaRa2010/status/1258458819685789697
https://twitter.com/RaRa2010/status/1258457859257282561
https://twitter.com/RaRa2010/status/1258456476747624448
https://twitter.com/RaRa2010/status/1258456352755597314
https://twitter.com/RaRa2010/status/1258434750525534213
https://twitter.com/RaRa2010/status/1258432861478121472
https://twitter.com/RaRa2010/status/1258432674365976576
https://twitter.com/RaRa2010/status/1258237381062168576
https://twitter.com/RaRa2010/status/1258157099269287936
https://twitter.com/RaRa2010/status/1258139792392388608
https://twitter.com/RaRa2010/status/1258139435666825216
https://twitter.com/RaRa2010/status/1258121409181577217
https://twitter.com/RaRa2010/status/1258078076774150146
https://twitter.com/RaRa2010/status/1257864094884827140
https://twitter.com/RaRa2010/status/1257862304982429697
https://twitter.com/RaRa2010/status/1257858994355359745
https://twitter.com/RaRa2010/status/1257801172200550400
https://twitter.com/RaRa2010/status/1257800865185845250
https://twitter.com/RaRa2010/status/1257708249626771458
https://twitter.com/RaRa2010/status/1257707568467599360
https://twitter.com/RaRa2010/status/1257541370257870850
https://twitter.com/RaRa2010/status/1257449291855147014
https://twitter.com/RaRa2010/status/1257439137713598470
https://twitter.com/RaRa2010/status/1257420082495586305
https://twitter.com/RaRa2010/status/1257418536135340032
https://twitter.com/RaRa2010/status/1256756175766343681
https://twitter.com/RaRa2010/status/1256755926398234624
https://twitter.com/RaRa2010/status/1256723109165449217
https://twitter.com/RaRa2010/status/1256722786652831744
https://twitter.com/RaRa2010/status/1256696267301769217
https://twitter.com/RaRa2010/status/1256691070479417345
https://twitter.com/RaRa2010/status/1256686566681894912
https://twitter.com/RaRa2010/status/1256685923028201473
https://twitter.com/RaRa2010/status/1256662870965682176
https://twitter.com/RaRa2010/status/1256662311911059456
https://twitter.com/RaRa2010/status/1256661427877629953
https://twitter.com/RaRa2010/status/1256660509731897344
https://twitter.com/RaRa2010/status/1256660345512316928
https://twitter.com/RaRa2010/status/1256417582296363009
https://twitter.com/RaRa2010/status/1256414731646066690
https://twitter.com/RaRa2010/status/1256413452177825794
https://twitter.com/RaRa2010/status/1256374021999833088
https://twitter.com/RaRa2010/status/1256333475411423232
https://twitter.com/RaRa2010/status/1256270384879423488
https://twitter.com/RaRa2010/status/1256018070939725824
https://twitter.com/RaRa2010/status/1255984183647731712
https://twitter.com/RaRa2010/status/1255964030583201793
https://twitter.com/RaRa2010/status/1255961926602862592
https://twitter.com/RaRa2010/status/1255948411578101760
https://twitter.com/RaRa2010/status/1255912555039481857
https://twitter.com/RaRa2010/status/1255904386477256704
https://twitter.com/RaRa2010/status/1255903762075381760
https://twitter.com/RaRa2010/status/1255716604836319233
https://twitter.com/RaRa2010/status/1255713037014585344
https://twitter.com/RaRa2010/status/1255710165472444416
https://twitter.com/RaRa2010/status/1255709090065469441
https://twitter.com/RaRa2010/status/1255708334067339265
https://twitter.com/RaRa2010/status/1255697531729661952
https://twitter.com/RaRa2010/status/1255569992575115264
https://twitter.com/RaRa2010/status/1255569766149836802
https://twitter.com/RaRa2010/status/1255555774169792517
https://twitter.com/RaRa2010/status/1255509844288733185
https://twitter.com/RaRa2010/status/1255509050227412997
https://twitter.com/RaRa2010/status/1255264646250008576
https://twitter.com/RaRa2010/status/1255262253336743937
https://twitter.com/RaRa2010/status/1255259167050420225
https://twitter.com/RaRa2010/status/1255240606839910401
https://twitter.com/RaRa2010/status/1255225363401187329
https://twitter.com/RaRa2010/status/1255191222689230849
https://twitter.com/RaRa2010/status/1255187430782590976
https://twitter.com/RaRa2010/status/1255186501542883328
https://twitter.com/RaRa2010/status/1255186264355004416
https://twitter.com/RaRa2010/status/1255167111669772290
https://twitter.com/RaRa2010/status/1255166985215729664
https://twitter.com/RaRa2010/status/1255166265640927233
https://twitter.com/RaRa2010/status/1255166068357619712
https://twitter.com/RaRa2010/status/1255032164296478720
https://twitter.com/RaRa2010/status/1255031718886555648
https://twitter.com/RaRa2010/status/1255031470655066115
https://twitter.com/RaRa2010/status/1255031230585696256
https://twitter.com/RaRa2010/status/1255031017926086657
https://twitter.com/RaRa2010/status/1255030420552380416
https://twitter.com/RaRa2010/status/1255030007262404609
https://twitter.com/RaRa2010/status/1255029683340500992
https://twitter.com/RaRa2010/status/1254992358736662528
https://twitter.com/RaRa2010/status/1254992274137559041
https://twitter.com/RaRa2010/status/1254992056369287168
https://twitter.com/RaRa2010/status/1254991822578839552
https://twitter.com/RaRa2010/status/1254991334894518274
https://twitter.com/RaRa2010/status/1254978026187534338
https://twitter.com/RaRa2010/status/1254920275767910403
https://twitter.com/RaRa2010/status/1254885589276479488
https://twitter.com/RaRa2010/status/1254880403665518593
https://twitter.com/RaRa2010/status/1254880037469216769
https://twitter.com/RaRa2010/status/1254879779343360000
https://twitter.com/RaRa2010/status/1254879573780529152
https://twitter.com/RaRa2010/status/1254878965744844800
https://twitter.com/RaRa2010/status/1254878671271194626
https://twitter.com/RaRa2010/status/1254878452529815552
https://twitter.com/RaRa2010/status/1254877802903437312
https://twitter.com/RaRa2010/status/1254876992299651072
https://twitter.com/RaRa2010/status/1254876781254815744
https://twitter.com/RaRa2010/status/1254875592538730498
https://twitter.com/RaRa2010/status/1254781625004486658
https://twitter.com/RaRa2010/status/1254778204566380560
https://twitter.com/RaRa2010/status/1254776618779684865
https://twitter.com/RaRa2010/status/1254773969955065864
https://twitter.com/RaRa2010/status/1254438745710817281
https://twitter.com/RaRa2010/status/1254287676435390465
https://twitter.com/RaRa2010/status/1254287505307783168
https://twitter.com/RaRa2010/status/1254287421241352193
https://twitter.com/RaRa2010/status/1254259224739115008
https://twitter.com/RaRa2010/status/1254217207401209856
https://twitter.com/RaRa2010/status/1254191064715419648
https://twitter.com/RaRa2010/status/1254190908255297536
https://twitter.com/RaRa2010/status/1254190024519606272
https://twitter.com/RaRa2010/status/1254158834332954625
https://twitter.com/RaRa2010/status/1254080175861448704
https://twitter.com/RaRa2010/status/1254078509741301765
https://twitter.com/RaRa2010/status/1254077140082937861
https://twitter.com/RaRa2010/status/1253881820489252865
https://twitter.com/RaRa2010/status/1253880550458159104
https://twitter.com/RaRa2010/status/1253831573264162816
https://twitter.com/RaRa2010/status/1253811214766845953
https://twitter.com/RaRa2010/status/1253810673223528448
https://twitter.com/RaRa2010/status/1253810572585385985
https://twitter.com/RaRa2010/status/1253802028796481536
https://twitter.com/RaRa2010/status/1253796933564395520
https://twitter.com/RaRa2010/status/1253796015611625472
https://twitter.com/RaRa2010/status/1253795831620104193
https://twitter.com/RaRa2010/status/1253773719874519041
https://twitter.com/RaRa2010/status/1253518838433345537
https://twitter.com/RaRa2010/status/1253168372004515840
https://twitter.com/RaRa2010/status/1253157310785961985
https://twitter.com/RaRa2010/status/1253154975804342273
https://twitter.com/RaRa2010/status/1253153807841689600
https://twitter.com/RaRa2010/status/1253049072929234944
https://twitter.com/RaRa2010/status/1253014002256371712
https://twitter.com/RaRa2010/status/1253012790547103745
https://twitter.com/RaRa2010/status/1252984379942465537
https://twitter.com/RaRa2010/status/1252983624208510976
https://twitter.com/RaRa2010/status/1252981088722419713
https://twitter.com/RaRa2010/status/1252810306918600704
https://twitter.com/RaRa2010/status/1252806092012154884
https://twitter.com/RaRa2010/status/1252804668448600065
https://twitter.com/RaRa2010/status/1252803317509439488
https://twitter.com/RaRa2010/status/1252801835489873923
https://twitter.com/RaRa2010/status/1252794331724779520
https://twitter.com/RaRa2010/status/1252793175791394816
https://twitter.com/RaRa2010/status/1252779364833320962
https://twitter.com/RaRa2010/status/1252730891715002368
https://twitter.com/RaRa2010/status/1252730332962410496
https://twitter.com/RaRa2010/status/1252728360125399046
https://twitter.com/RaRa2010/status/1252727708590542848
https://twitter.com/RaRa2010/status/1252715354960232448
https://twitter.com/RaRa2010/status/1252713588659109889
https://twitter.com/RaRa2010/status/1252712689475809281
https://twitter.com/RaRa2010/status/1252706643525042176
https://twitter.com/RaRa2010/status/1252643409547849730
https://twitter.com/RaRa2010/status/1252627139108597760
https://twitter.com/RaRa2010/status/1252616727306760193
https://twitter.com/RaRa2010/status/1252613802387881984
https://twitter.com/RaRa2010/status/1252612122850160641
https://twitter.com/RaRa2010/status/1252439576896958464
https://twitter.com/RaRa2010/status/1252434896632479744
https://twitter.com/RaRa2010/status/1252364600114245633
https://twitter.com/RaRa2010/status/1252357586814291983
https://twitter.com/RaRa2010/status/1252311745516863488
https://twitter.com/RaRa2010/status/1252287176378691584
https://twitter.com/RaRa2010/status/1252286838322020353
https://twitter.com/RaRa2010/status/1252263997459423235
https://twitter.com/RaRa2010/status/1252100488620695553
https://twitter.com/RaRa2010/status/1252097931924004864
https://twitter.com/RaRa2010/status/1252006166520971264
https://twitter.com/RaRa2010/status/1251899875492458496
https://twitter.com/RaRa2010/status/1251752503818858496
https://twitter.com/RaRa2010/status/1251751585337638912
https://twitter.com/RaRa2010/status/1251747361858019334
https://twitter.com/RaRa2010/status/1251716654070812672
https://twitter.com/RaRa2010/status/1251686096452239360
https://twitter.com/RaRa2010/status/1251621843141660672
https://twitter.com/RaRa2010/status/1251572515001917440
https://twitter.com/RaRa2010/status/1251571794290413573
https://twitter.com/RaRa2010/status/1251554767484026881
https://twitter.com/RaRa2010/status/1251388304420831233
https://twitter.com/RaRa2010/status/1251288144399351808
https://twitter.com/RaRa2010/status/1251287538922164225
https://twitter.com/RaRa2010/status/1251284763500896256
https://twitter.com/RaRa2010/status/1251281786794958848
https://twitter.com/RaRa2010/status/1251279966609633280
https://twitter.com/RaRa2010/status/1251261656564264960
https://twitter.com/RaRa2010/status/1250589286946095104
https://twitter.com/RaRa2010/status/1250572958382166016
https://twitter.com/RaRa2010/status/1250554136463986688
https://twitter.com/RaRa2010/status/1250474398894583809
https://twitter.com/RaRa2010/status/1250454426025734145
https://twitter.com/RaRa2010/status/1250453645834895360
https://twitter.com/RaRa2010/status/1250444559873495046
https://twitter.com/RaRa2010/status/1250281401703792641
https://twitter.com/RaRa2010/status/1250279111643156480
https://twitter.com/RaRa2010/status/1250277741007482886
https://twitter.com/RaRa2010/status/1250247608930406400
https://twitter.com/RaRa2010/status/1250217552346636288
https://twitter.com/RaRa2010/status/1250217147025911808
https://twitter.com/RaRa2010/status/1250216329207902208
https://twitter.com/RaRa2010/status/1250215603903713280
https://twitter.com/RaRa2010/status/1249910134978953217
https://twitter.com/RaRa2010/status/1249858183641759744
https://twitter.com/RaRa2010/status/1249834321285799936
https://twitter.com/RaRa2010/status/1249830504016171008
https://twitter.com/RaRa2010/status/1249525222081843202
https://twitter.com/RaRa2010/status/1249477036608876545
https://twitter.com/RaRa2010/status/1249474920213430272
https://twitter.com/RaRa2010/status/1249473558239014914
https://twitter.com/RaRa2010/status/1249472575505182720
https://twitter.com/RaRa2010/status/1249428363300589568
https://twitter.com/RaRa2010/status/1249177633880977409
https://twitter.com/RaRa2010/status/1249174897580027908
https://twitter.com/RaRa2010/status/1249174504041046023
https://twitter.com/RaRa2010/status/1249083132248068096
https://twitter.com/RaRa2010/status/1249033905425903616
https://twitter.com/RaRa2010/status/1249014696461520896
https://twitter.com/RaRa2010/status/1249013067079233538
https://twitter.com/RaRa2010/status/1249011783903227904
https://twitter.com/RaRa2010/status/1248751293587312640
https://twitter.com/RaRa2010/status/1248714957111214081
https://twitter.com/RaRa2010/status/1248694825806737409
https://twitter.com/RaRa2010/status/1248694466912718848
https://twitter.com/RaRa2010/status/1248667402193125377
https://twitter.com/RaRa2010/status/1248633418125959169
https://twitter.com/RaRa2010/status/1248632375963054080
https://twitter.com/RaRa2010/status/1248416101878214658
https://twitter.com/RaRa2010/status/1248372923435368449
https://twitter.com/RaRa2010/status/1248372400539877376
https://twitter.com/RaRa2010/status/1248372209829085184
https://twitter.com/RaRa2010/status/1248371671100055557
https://twitter.com/RaRa2010/status/1247731901588066307
https://twitter.com/RaRa2010/status/1246273406003081217
https://twitter.com/RaRa2010/status/1246272973398401024
https://twitter.com/RaRa2010/status/1246217753175834624
https://twitter.com/RaRa2010/status/1246217060666863617
https://twitter.com/RaRa2010/status/1245952715559014400
https://twitter.com/RaRa2010/status/1245837353874116608
https://twitter.com/RaRa2010/status/1245414412845899776
https://twitter.com/RaRa2010/status/1245379252108668928
https://twitter.com/RaRa2010/status/1245377008579698688
